cols <- c("ORIGCITY","D","F")
dta <- c(
 "A'ali",0.01,2,
"Abilene",1,0.01,
"Abu Dhabi",0.01,1,
"Accra",0.01,1,
"Acton",1,0.01,
"Ada",7,0.01,
"Addis On",1,0.01,
"Addision",1,0.01,
"addison",1,0.01,
"Addison",57,0.01,
"Affton",1,0.01,
"Afton",3,0.01,
"Agoura Hills",5,0.01,
"Aguanga",1,0.01,
"Ahmedabad",0.01,1,
"Akron",8,0.01,
"AL Madinah",0.01,1,
"Al Qahira",0.01,1,
"Alabaster",1,0.01,
"Alameda",3,0.01,
"Alamo",1,0.01,
"Albuquerque",8,0.01,
"Alcester",1,0.01,
"Aldie",1,0.01,
"Aldiriyah",0.01,1,
"Alexandria",6,0.01,
"Algonquin",31,0.01,
"Alhambra",1,0.01,
"Aliso Viejo",1,0.01,
"Allen",2,0.01,
"Allen Park",2,0.01,
"Allendale",3,0.01,
"Allston",1,0.01,
"Alpharetta",3,0.01,
"Alpine",1,0.01,
"Alsip",12,0.01,
"Altadena",1,0.01,
"Altamont",1,0.01,
"Altamonte Springs",1,0.01,
"Alton",1,0.01,
"Altoona",1,0.01,
"American Fork",1,0.01,
"ames",1,0.01,
"Ames",2,0.01,
"Amherst",7,0.01,
"Amman",0.01,4,
"Anaheim",4,0.01,
"ANASCO",0.01,1,
"Anchorage",2,0.01,
"Andalusia",1,0.01,
"Anderson",2,0.01,
"Andover",3,0.01,
"Angola",1,0.01,
"Ankeny",1,0.01,
"Ann Arbor",39,0.01,
"ANN ARBOR",1,0.01,
"Ann Harbor",1,0.01,
"Anna",1,0.01,
"Annandale",1,0.01,
"Annarbor",1,0.01,
"Annawan",2,0.01,
"Annville",1,0.01,
"Antioch",22,0.01,
"Apo",2,0.01,
"APO",3,0.01,
"APO AE",0.01,1,
"Apopka",1,0.01,
"Apple Valley",7,0.01,
"Appleton",10,0.01,
"Aptos",2,0.01,
"Arcadia",2,0.01,
"Arden",1,0.01,
"ARDEN",1,0.01,
"Arkadelphia",1,0.01,
"Arleta",1,0.01,
"Arlington",16,0.01,
"Arlington Heights",112,0.01,
"Arlington Hgts",2,0.01,
"Arlington Ht",1,0.01,
"Arlington Hts",44,0.01,
"Arlington Hts.",3,0.01,
"Arnold",1,0.01,
"Ashburn",1,0.01,
"Asheville",1,0.01,
"Ashland",4,0.01,
"Ashley",1,0.01,
"Astoria",2,0.01,
"Athens",7,0.01,
"Atherton",2,0.01,
"Atlanta",8,0.01,
"Atlantic Highlands",1,0.01,
"Auburn",6,0.01,
"Auburn Hills",1,0.01,
"Auburndale",1,0.01,
"Augusta",2,0.01,
"Auroa",1,0.01,
"Aurora",128,0.01,
"AURORA",2,0.01,
"Austin",17,0.01,
"Avon",3,0.01,
"Avon Lake",8,0.01,
"Avondale",1,0.01,
"Bacolod",0.01,1,
"Bad Axe",2,0.01,
"Badhoevedorp",0.01,1,
"Bahrain",0.01,4,
"Bahrian",0.01,1,
"Bainbridge Island",1,0.01,
"Baker",1,0.01,
"Bakersfield",1,0.01,
"Baldwinsville",1,0.01,
"Ballwin",11,0.01,
"Baltimore",5,0.01,
"Bangalore",0.01,1,
"Bangkok",0.01,1,
"Bannockburn",4,0.01,
"Barcelona",0.01,1,
"Barrington",51,0.01,
"Barrington Hills",2,0.01,
"Barringtonhills",1,0.01,
"Bartlett",71,0.01,
"Basalt",1,0.01,
"Basiglio",0.01,1,
"Basking Ridge",4,0.01,
"Batavia",18,0.01,
"Batesville",1,0.01,
"Baton Rouge",2,0.01,
"Battle Creek",3,0.01,
"Bay Harbor Islands",1,0.01,
"Bay Village",8,0.01,
"Bayonne",1,0.01,
"Bayport",2,0.01,
"Bayside",3,0.01,
"Baytown",1,0.01,
"Bayville",1,0.01,
"Beach Park",4,0.01,
"Beachwood",3,0.01,
"Beaux Arts",1,0.01,
"Beaver",1,0.01,
"Beaver Dam",2,0.01,
"Beaver Falls",1,0.01,
"Beavercreek",3,0.01,
"Beaverton",1,0.01,
"Beckley",1,0.01,
"Bedford",3,0.01,
"Beecher",5,0.01,
"Beijing",1,8,
"BEIJING",0.01,5,
"Bel Aire",1,0.01,
"Belcamp",1,0.01,
"Belgrade",1,0.01,
"Bellaire",1,0.01,
"Bellbrook",1,0.01,
"Belle Mead",1,0.01,
"Bellefonte",1,0.01,
"Belleville",9,0.01,
"Bellevue",3,0.01,
"Bellwood",8,0.01,
"Belmont",2,0.01,
"Beloit",1,0.01,
"Beltsville",1,0.01,
"Belvidere",12,0.01,
"Bend",1,0.01,
"Bensenville",10,0.01,
"Bentleyville",1,0.01,
"Benton",2,0.01,
"Bentonville",1,0.01,
"Berea",5,0.01,
"Beresford",1,0.01,
"Berkeley",8,0.01,
"Berkeley Heights",1,0.01,
"Berlin Heights",1,0.01,
"Berrien Center",1,0.01,
"Berryville",3,0.01,
"Berwyn",82,0.01,
"Berwyn Heights",1,0.01,
"Bethel Park",1,0.01,
"Bethesda",5,0.01,
"Bethlehem",1,0.01,
"Bethpage",1,0.01,
"Bettendorf",1,0.01,
"Beverly",1,0.01,
"Beverly Hills",6,0.01,
"Bexley",3,0.01,
"Bigfork",1,0.01,
"Binghamton",1,0.01,
"Birmingham",12,0.01,
"Bismarck",1,0.01,
"Blacksburg",1,0.01,
"Bladwinsville",1,0.01,
"Blaine",1,0.01,
"Blair",1,0.01,
"Blasdell",1,0.01,
"Blmfld Hills",1,0.01,
"Bloomfield",5,0.01,
"Bloomfield Hill",2,0.01,
"Bloomfield Hills",22,0.01,
"Bloomfield Hills,",1,0.01,
"Bloomingdale",43,0.01,
"Bloomington",34,0.01,
"Bloomngton",1,0.01,
"bloomsburg",1,0.01,
"Bloomsburg",1,0.01,
"Blue Ash",1,0.01,
"Blue Island",11,0.01,
"Blue Springs",2,0.01,
"Bluff",1,0.01,
"Blythewood",1,0.01,
"Boca Raton",3,0.01,
"Boerne",3,0.01,
"Bogota",0.01,1,
"BOGOTA",0.01,1,
"Boise",1,0.01,
"Bolingbrook",67,0.01,
"Bolling Brook",1,0.01,
"Bolton",1,0.01,
"Bonaire",1,0.01,
"Bonita Springs",1,0.01,
"boston",0.01,1,
"Boston",1,0.01,
"Bothell",2,0.01,
"Boulder",4,0.01,
"Bourbonnais",14,0.01,
"Bowie",1,0.01,
"Bowling Green",2,0.01,
"Boyds",1,0.01,
"Boynton Beach",1,0.01,
"Bozeman",2,0.01,
"BOZHOU/ANHUI",0.01,1,
"Bradenton",4,0.01,
"Bradley",3,0.01,
"Brainerd",1,0.01,
"Braintree",1,0.01,
"Brasov",0.01,1,
"Brazil",1,0.01,
"Brea",1,0.01,
"Brecksville",6,0.01,
"Breinigsville",1,0.01,
"Bremen",1,0.01,
"Brentwood",11,0.01,
"Brick",1,0.01,
"Bridgeport",3,0.01,
"Bridgeton",1,0.01,
"Bridgeview",12,0.01,
"BRIDGEVIEW",1,0.01,
"Bridgewater",3,0.01,
"Brielle",2,0.01,
"Brighton",8,0.01,
"Brimfield",1,0.01,
"bristol",1,0.01,
"Bristol",3,0.01,
"Bristow",2,0.01,
"Broadview",7,0.01,
"Broadview Heights",1,0.01,
"BROADVIEW HTS",1,0.01,
"Brockton",1,0.01,
"Bronson",1,0.01,
"Bronx",3,0.01,
"Brook Park",1,0.01,
"Brookfield",50,0.01,
"Brookline",4,0.01,
"Brooklyn",16,0.01,
"Brooklyn Heights",1,0.01,
"Brooklyn Park",2,0.01,
"Brookpark",1,0.01,
"Brookville",2,0.01,
"Broomfield",1,0.01,
"Brownsburg",1,0.01,
"Brownsville",1,0.01,
"Bruce Twp",1,0.01,
"Brunswick",3,0.01,
"Bryn Mawr",1,0.01,
"Bucyrus",1,0.01,
"Buena Park",1,0.01,
"Buenos Aires",0.01,1,
"Buffalo",11,0.01,
"Buffalo Groe",1,0.01,
"Buffalo Grove",69,0.01,
"Buffalogrove",1,0.01,
"Bull Valley",1,0.01,
"Bulverde",1,0.01,
"Buncombe",1,0.01,
"Bunker Hill Village",1,0.01,
"Burbank",33,0.01,
"Burke",2,0.01,
"Burlingame",2,0.01,
"Burlington",5,0.01,
"Burnham",1,0.01,
"Burns Harbor",1,0.01,
"Burnsville",5,0.01,
"Buros",0.01,1,
"Burr Ridge",27,0.01,
"Burt",1,0.01,
"Burton",1,0.01,
"Burtonsville",1,0.01,
"Bushnell",1,0.01,
"Byfield",1,0.01,
"Byron",2,0.01,
"C C Hills",1,0.01,
"Caguas",1,0.01,
"Cairo",0.01,1,
"Calabasas",2,0.01,
"Caledonia",3,0.01,
"Calumet City",17,0.01,
"Calumet Park",2,0.01,
"Cambridge",3,0.01,
"Camby",1,0.01,
"Camden",1,0.01,
"Cameron",1,0.01,
"Cameron Park",1,0.01,
"Camillus",1,0.01,
"Camp Springs",1,0.01,
"Camp Wood",1,0.01,
"Campbell",4,0.01,
"Campton Hills",1,0.01,
"Canfield",1,0.01,
"Canton",12,0.01,
"Canyon Country",1,0.01,
"Cape Girardeau",1,0.01,
"Cape May",1,0.01,
"CARACAS",0.01,1,
"Carbondale",7,0.01,
"Carlisle",1,0.01,
"Carlsbad",7,0.01,
"Carmel",15,0.01,
"Carmi",1,0.01,
"Carmichael",2,0.01,
"Carol Steam",1,0.01,
"carol stream",1,0.01,
"Carol Stream",60,0.01,
"Carolstream",2,0.01,
"Carpentersville",15,0.01,
"Carpinteria",1,0.01,
"Carrollton",3,0.01,
"Carson City",1,0.01,
"Carsonville",1,0.01,
"Carthage",1,0.01,
"Cary",14,0.01,
"Cass City",1,0.01,
"Castaic",3,0.01,
"Castle Rock",5,0.01,
"Castro Valley",2,0.01,
"Catonsville",2,0.01,
"Cedar Falls",1,0.01,
"Cedar Grove",1,0.01,
"Cedar Lake",4,0.01,
"Cedar Park",1,0.01,
"Cedar Rapids",4,0.01,
"Cedarburg",2,0.01,
"Celebration",1,0.01,
"Centennial",1,0.01,
"Centerville",4,0.01,
"Centralia",2,0.01,
"Centreville",1,0.01,
"Ceresco",1,0.01,
"Cerritos",1,0.01,
"Chagrin Falls",6,0.01,
"champaign",1,0.01,
"Champaign",31,0.01,
"Chana",1,0.01,
"Chandler",3,0.01,
"CHANG SHA",0.01,1,
"Changling District",0.01,1,
"Chanhassen",3,0.01,
"Channahon",3,0.01,
"Chantilly",1,0.01,
"Chapel Hill",4,0.01,
"Chapin",3,0.01,
"Charleston",4,0.01,
"Charlevoix",2,0.01,
"Charlotte",3,0.01,
"Charlton",1,0.01,
"Chaska",1,0.01,
"Chatou",0.01,1,
"Chatsworth",2,0.01,
"Chattanooga",1,0.01,
"CHCIAGO",1,0.01,
"Chehalis",1,0.01,
"Chelsea",2,0.01,
"Chengdu",0.01,2,
"CHENGDU",0.01,2,
"Cherry Hill",3,0.01,
"Cherry Valley",2,0.01,
"Chester",2,0.01,
"Chesterbrook",1,0.01,
"Chesterfield",13,0.01,
"Chesterton",3,0.01,
"Chestnut Hill",1,0.01,
"Cheswick",3,0.01,
"Cheverly",1,0.01,
"Chevy Chase",3,0.01,
"Cheyenne",1,0.01,
"Chica Go",1,0.01,
"Chicag",1,0.01,
"Chicag O",3,0.01,
"Chicaga",1,0.01,
"Chicagi",1,0.01,
"chicago",33,0.01,
